{
 "cells": [
  {
   "cell_type": "markdown",
   "id": "5a656a3d-8848-4eee-aadb-2959590c53a7",
   "metadata": {},
   "source": [
    "# NASA Near-Earth Asteroid Analysis"
   ]
  },
  {
   "cell_type": "markdown",
   "id": "ebaed1a5-6c9b-4291-9af2-8b91670c3ceb",
   "metadata": {},
   "source": [
    "## Project Overview\n",
    "\n",
    "This project uses NASA's Near-Earth Object (NEO) API to analyze asteroids approaching Earth. The analysis explores asteroid size, miss distance, hazardous classification, and upcoming close approaches through a series of interactive visualizations."
   ]
  },
  {
   "cell_type": "code",
   "execution_count": 131,
   "id": "0d5c8406-6444-4c1c-915e-d275e079fa7c",
   "metadata": {},
   "outputs": [],
   "source": [
    "import prettytable\n",
    "import pandas as pd\n",
    "import sqlite3 as sql3\n",
    "import requests\n",
    "import plotly.express as px\n",
    "import datetime as dt"
   ]
  },
  {
   "cell_type": "code",
   "execution_count": 133,
   "id": "66e26dea-8004-4925-bf7f-898a2833a96e",
   "metadata": {},
   "outputs": [
    {
     "name": "stdout",
     "output_type": "stream",
     "text": [
      "The sql extension is already loaded. To reload it, use:\n",
      "  %reload_ext sql\n"
     ]
    }
   ],
   "source": [
    "prettytable.DEFAULT = 'DEFAULT'\n",
    "\n",
    "conn = sql3.connect(\"AsteroidDB.db\")\n",
    "cursor = conn.cursor()\n",
    "\n",
    "%load_ext sql\n",
    "\n",
    "current = dt.datetime.now()\n",
    "to_date = current + dt.timedelta(days=6)\n",
    "current_str = dt.datetime.now().strftime(\"%Y-%m-%d\")\n",
    "to_str = to_date.strftime(\"%Y-%m-%d\")"
   ]
  },
  {
   "cell_type": "markdown",
   "id": "4bdabfe9-1dc0-42bc-8a2c-5491471889d5",
   "metadata": {},
   "source": [
    "## DATA COLLECTION\n",
    "\n",
    "Using NASA's Near-Earth Object (NEO) API, I collected data on asteroids approaching Earth. The dataset includes the asteroid's name, minimum and maximum estimated diameter in feet, hazardous classification, close approach date and time, and miss distance in miles. This information was extracted from the API's JSON response and stored in a Pandas DataFrame for further analysis.\n"
   ]
  },
  {
   "cell_type": "code",
   "execution_count": 22,
   "id": "9afb0e49-8d13-4ae3-b218-f3be530111fc",
   "metadata": {},
   "outputs": [],
   "source": [
    "api_key = 'YyIyPcf4iQORkZfTv7DFdaZw7KqSQ6KlSSeso2Zq'\n",
    "url = f\"https://api.nasa.gov/neo/rest/v1/feed?start_date={current_str}&end_date={to_str}&api_key={api_key}\"\n",
    "\n",
    "response = requests.get(url)\n",
    "data = response.json()\n",
    "ob_data = data['near_earth_objects']"
   ]
  },
  {
   "cell_type": "markdown",
   "id": "68bb2222-aea6-4f22-a28b-80a2a9212666",
   "metadata": {},
   "source": [
    "## DATA CLEANING\n",
    "\n",
    "The data returned by NASA's API was provided in a nested JSON format and required preprocessing before analysis. Relevant fields were extracted, including asteroid name, estimated diameter, hazardous classification, close approach date, and miss distance. The data was then organized into a Pandas DataFrame, converted to appropriate data types, and reviewed for missing or inconsistent values to ensure accuracy prior to loading it into the database."
   ]
  },
  {
   "cell_type": "code",
   "execution_count": 24,
   "id": "7d32834b-15d0-4fc5-8d84-f8ed6c03dc9c",
   "metadata": {},
   "outputs": [
    {
     "name": "stderr",
     "output_type": "stream",
     "text": [
      "/var/folders/7t/qdrpzfbn3ld1sbslt8yr_v600000gn/T/ipykernel_87017/1303468376.py:11: FutureWarning: The behavior of DataFrame concatenation with empty or all-NA entries is deprecated. In a future version, this will no longer exclude empty or all-NA columns when determining the result dtypes. To retain the old behavior, exclude the relevant entries before the concat operation.\n",
      "  asteroid_data = pd.concat([asteroid_data,pd.DataFrame({'Name':[name],\n"
     ]
    }
   ],
   "source": [
    "asteroid_data = pd.DataFrame(columns=['Name', 'Min Diameter (feet)', 'Max Diameter (feet)', 'Hazardous', 'Close Approach Date', 'Miss Distance (miles)'])\n",
    "\n",
    "for item in ob_data:\n",
    "    for i, ob in enumerate(ob_data[item]):\n",
    "        name = ob_data[item][i]['name'].split(\"(\")[1].rstrip(\")\")\n",
    "        min_diameter = round(ob_data[item][i]['estimated_diameter']['feet']['estimated_diameter_min'],2)\n",
    "        max_diameter = round(ob_data[item][i]['estimated_diameter']['feet']['estimated_diameter_max'],2)\n",
    "        is_hazardous = ob_data[item][i]['is_potentially_hazardous_asteroid']\n",
    "        close_approach_date = pd.to_datetime(ob_data[item][i]['close_approach_data'][0]['close_approach_date_full'])\n",
    "        miss_distance = round(float(ob_data[item][i]['close_approach_data'][0]['miss_distance']['miles']),2)\n",
    "        asteroid_data = pd.concat([asteroid_data,pd.DataFrame({'Name':[name],\n",
    "                                                             'Min Diameter (feet)':[min_diameter], \n",
    "                                                             'Max Diameter (feet)':[max_diameter],\n",
    "                                                             'Hazardous':[is_hazardous],\n",
    "                                                             'Close Approach Date':[close_approach_date],\n",
    "                                                             'Miss Distance (miles)':[miss_distance]})], ignore_index=True)\n",
    "\n",
    "asteroid_data.dropna(inplace=True)"
   ]
  },
  {
   "cell_type": "markdown",
   "id": "7c13809f-8957-4761-b3a7-298780b1710f",
   "metadata": {},
   "source": [
    "## DATABASE CREATION\n",
    "\n",
    "After cleaning and organizing the asteroid data in a Pandas DataFrame, the dataset was loaded into a SQLite database. Storing the data in a relational database enabled the performance of SQL queries, calculation of summary statistics, filtering of records, and identification of patterns within the dataset. The database serves as a structured and reusable source for analysis and visualization."
   ]
  },
  {
   "cell_type": "code",
   "execution_count": 174,
   "id": "a171b414-f1ef-4f84-983e-745a51a26170",
   "metadata": {},
   "outputs": [],
   "source": [
    "asteroid_data.to_sql(\"ASTEROID_IMPACT_DATA\", conn, if_exists='replace', index=False, method='multi');\n",
    "%sql sqlite:///AsteroidDB.db"
   ]
  },
  {
   "cell_type": "markdown",
   "id": "e7583bd6-6b8a-4de0-9316-8da2ff177d59",
   "metadata": {},
   "source": [
    "## SQL ANALYSIS\n",
    "### Asteroids Approaching Earth Within the Next Seven Days"
   ]
  },
  {
   "cell_type": "code",
   "execution_count": 228,
   "id": "6f686935-cb0c-400b-9f66-f2847c330016",
   "metadata": {
    "scrolled": true
   },
   "outputs": [
    {
     "name": "stdout",
     "output_type": "stream",
     "text": [
      " * sqlite:///AsteroidDB.db\n",
      "Done.\n"
     ]
    },
    {
     "data": {
      "text/html": [
       "<table>\n",
       "    <thead>\n",
       "        <tr>\n",
       "            <th>Name</th>\n",
       "            <th>Min Diameter (feet)</th>\n",
       "            <th>Max Diameter (feet)</th>\n",
       "            <th>Hazardous</th>\n",
       "            <th>Close Approach Date</th>\n",
       "            <th>Miss Distance (miles)</th>\n",
       "        </tr>\n",
       "    </thead>\n",
       "    <tbody>\n",
       "        <tr>\n",
       "            <td>2012 KC45</td>\n",
       "            <td>11.5</td>\n",
       "            <td>25.71</td>\n",
       "            <td>0</td>\n",
       "            <td>2026-06-23 00:08:00</td>\n",
       "            <td>33337322.98</td>\n",
       "        </tr>\n",
       "        <tr>\n",
       "            <td>2017 BB7</td>\n",
       "            <td>20.92</td>\n",
       "            <td>46.78</td>\n",
       "            <td>0</td>\n",
       "            <td>2026-06-23 08:13:00</td>\n",
       "            <td>25015554.46</td>\n",
       "        </tr>\n",
       "        <tr>\n",
       "            <td>2012 GV11</td>\n",
       "            <td>330.02</td>\n",
       "            <td>737.95</td>\n",
       "            <td>0</td>\n",
       "            <td>2026-06-23 11:52:00</td>\n",
       "            <td>34505562.84</td>\n",
       "        </tr>\n",
       "        <tr>\n",
       "            <td>2016 VX1</td>\n",
       "            <td>87.2</td>\n",
       "            <td>195.0</td>\n",
       "            <td>0</td>\n",
       "            <td>2026-06-23 12:41:00</td>\n",
       "            <td>38561291.87</td>\n",
       "        </tr>\n",
       "        <tr>\n",
       "            <td>2020 AT</td>\n",
       "            <td>79.53</td>\n",
       "            <td>177.84</td>\n",
       "            <td>0</td>\n",
       "            <td>2026-06-23 13:11:00</td>\n",
       "            <td>14573155.26</td>\n",
       "        </tr>\n",
       "        <tr>\n",
       "            <td>2014 DH</td>\n",
       "            <td>41.74</td>\n",
       "            <td>93.33</td>\n",
       "            <td>0</td>\n",
       "            <td>2026-06-23 16:38:00</td>\n",
       "            <td>15493768.58</td>\n",
       "        </tr>\n",
       "        <tr>\n",
       "            <td>2015 NG13</td>\n",
       "            <td>91.31</td>\n",
       "            <td>204.19</td>\n",
       "            <td>0</td>\n",
       "            <td>2026-06-24 13:04:00</td>\n",
       "            <td>39609650.0</td>\n",
       "        </tr>\n",
       "        <tr>\n",
       "            <td>2018 GE2</td>\n",
       "            <td>34.08</td>\n",
       "            <td>76.21</td>\n",
       "            <td>0</td>\n",
       "            <td>2026-06-25 00:47:00</td>\n",
       "            <td>27473864.42</td>\n",
       "        </tr>\n",
       "        <tr>\n",
       "            <td>2013 KF6</td>\n",
       "            <td>479.23</td>\n",
       "            <td>1071.58</td>\n",
       "            <td>0</td>\n",
       "            <td>2026-06-25 02:48:00</td>\n",
       "            <td>40281743.57</td>\n",
       "        </tr>\n",
       "        <tr>\n",
       "            <td>2018 CP2</td>\n",
       "            <td>120.38</td>\n",
       "            <td>269.17</td>\n",
       "            <td>0</td>\n",
       "            <td>2026-06-25 02:54:00</td>\n",
       "            <td>13389838.84</td>\n",
       "        </tr>\n",
       "        <tr>\n",
       "            <td>2016 VK</td>\n",
       "            <td>275.77</td>\n",
       "            <td>616.63</td>\n",
       "            <td>0</td>\n",
       "            <td>2026-06-25 03:15:00</td>\n",
       "            <td>14083028.83</td>\n",
       "        </tr>\n",
       "        <tr>\n",
       "            <td>2010 WU8</td>\n",
       "            <td>126.05</td>\n",
       "            <td>281.85</td>\n",
       "            <td>0</td>\n",
       "            <td>2026-06-25 13:26:00</td>\n",
       "            <td>20110859.55</td>\n",
       "        </tr>\n",
       "        <tr>\n",
       "            <td>2018 MJ7</td>\n",
       "            <td>203.49</td>\n",
       "            <td>455.01</td>\n",
       "            <td>0</td>\n",
       "            <td>2026-06-25 15:59:00</td>\n",
       "            <td>12812740.67</td>\n",
       "        </tr>\n",
       "        <tr>\n",
       "            <td>2022 CL12</td>\n",
       "            <td>216.04</td>\n",
       "            <td>483.09</td>\n",
       "            <td>0</td>\n",
       "            <td>2026-06-25 16:10:00</td>\n",
       "            <td>45106588.55</td>\n",
       "        </tr>\n",
       "        <tr>\n",
       "            <td>2016 LS68</td>\n",
       "            <td>316.62</td>\n",
       "            <td>707.99</td>\n",
       "            <td>0</td>\n",
       "            <td>2026-06-25 21:47:00</td>\n",
       "            <td>45927243.22</td>\n",
       "        </tr>\n",
       "        <tr>\n",
       "            <td>2014 MR67</td>\n",
       "            <td>240.18</td>\n",
       "            <td>537.06</td>\n",
       "            <td>0</td>\n",
       "            <td>2026-06-26 01:18:00</td>\n",
       "            <td>22939121.0</td>\n",
       "        </tr>\n",
       "        <tr>\n",
       "            <td>2016 TA57</td>\n",
       "            <td>606.09</td>\n",
       "            <td>1355.27</td>\n",
       "            <td>1</td>\n",
       "            <td>2026-06-26 03:08:00</td>\n",
       "            <td>43460124.48</td>\n",
       "        </tr>\n",
       "        <tr>\n",
       "            <td>2014 NV63</td>\n",
       "            <td>197.03</td>\n",
       "            <td>440.58</td>\n",
       "            <td>0</td>\n",
       "            <td>2026-06-26 05:35:00</td>\n",
       "            <td>5200490.76</td>\n",
       "        </tr>\n",
       "        <tr>\n",
       "            <td>2018 LW5</td>\n",
       "            <td>643.49</td>\n",
       "            <td>1438.88</td>\n",
       "            <td>0</td>\n",
       "            <td>2026-06-26 09:24:00</td>\n",
       "            <td>21613297.25</td>\n",
       "        </tr>\n",
       "        <tr>\n",
       "            <td>2016 JH17</td>\n",
       "            <td>752.56</td>\n",
       "            <td>1682.77</td>\n",
       "            <td>0</td>\n",
       "            <td>2026-06-26 11:43:00</td>\n",
       "            <td>43036902.66</td>\n",
       "        </tr>\n",
       "        <tr>\n",
       "            <td>2018 NV</td>\n",
       "            <td>237.98</td>\n",
       "            <td>532.14</td>\n",
       "            <td>0</td>\n",
       "            <td>2026-06-26 13:43:00</td>\n",
       "            <td>9381718.6</td>\n",
       "        </tr>\n",
       "        <tr>\n",
       "            <td>2002 EM7</td>\n",
       "            <td>114.96</td>\n",
       "            <td>257.05</td>\n",
       "            <td>0</td>\n",
       "            <td>2026-06-26 15:53:00</td>\n",
       "            <td>10514902.62</td>\n",
       "        </tr>\n",
       "        <tr>\n",
       "            <td>2011 PT</td>\n",
       "            <td>137.58</td>\n",
       "            <td>307.63</td>\n",
       "            <td>0</td>\n",
       "            <td>2026-06-26 18:02:00</td>\n",
       "            <td>31743511.13</td>\n",
       "        </tr>\n",
       "        <tr>\n",
       "            <td>2019 NG</td>\n",
       "            <td>120.38</td>\n",
       "            <td>269.17</td>\n",
       "            <td>0</td>\n",
       "            <td>2026-06-27 07:43:00</td>\n",
       "            <td>8477543.54</td>\n",
       "        </tr>\n",
       "        <tr>\n",
       "            <td>1997 NC1</td>\n",
       "            <td>2325.63</td>\n",
       "            <td>5200.26</td>\n",
       "            <td>1</td>\n",
       "            <td>2026-06-27 11:16:00</td>\n",
       "            <td>1594339.75</td>\n",
       "        </tr>\n",
       "        <tr>\n",
       "            <td>2004 RH340</td>\n",
       "            <td>1082.78</td>\n",
       "            <td>2421.17</td>\n",
       "            <td>0</td>\n",
       "            <td>2026-06-27 14:37:00</td>\n",
       "            <td>41759864.9</td>\n",
       "        </tr>\n",
       "        <tr>\n",
       "            <td>2005 TE49</td>\n",
       "            <td>45.98</td>\n",
       "            <td>102.81</td>\n",
       "            <td>0</td>\n",
       "            <td>2026-06-27 22:21:00</td>\n",
       "            <td>39632372.36</td>\n",
       "        </tr>\n",
       "        <tr>\n",
       "            <td>2018 VP5</td>\n",
       "            <td>75.95</td>\n",
       "            <td>169.83</td>\n",
       "            <td>0</td>\n",
       "            <td>2026-06-27 22:59:00</td>\n",
       "            <td>45633839.87</td>\n",
       "        </tr>\n",
       "        <tr>\n",
       "            <td>2016 XR23</td>\n",
       "            <td>72.53</td>\n",
       "            <td>162.19</td>\n",
       "            <td>0</td>\n",
       "            <td>2026-06-27 23:07:00</td>\n",
       "            <td>8603920.33</td>\n",
       "        </tr>\n",
       "        <tr>\n",
       "            <td>2015 VH66</td>\n",
       "            <td>860.08</td>\n",
       "            <td>1923.2</td>\n",
       "            <td>0</td>\n",
       "            <td>2026-06-28 09:52:00</td>\n",
       "            <td>14579822.64</td>\n",
       "        </tr>\n",
       "        <tr>\n",
       "            <td>2015 MO66</td>\n",
       "            <td>832.8</td>\n",
       "            <td>1862.19</td>\n",
       "            <td>0</td>\n",
       "            <td>2026-06-28 22:37:00</td>\n",
       "            <td>22417503.03</td>\n",
       "        </tr>\n",
       "        <tr>\n",
       "            <td>2019 YO4</td>\n",
       "            <td>365.21</td>\n",
       "            <td>816.63</td>\n",
       "            <td>0</td>\n",
       "            <td>2026-06-29 03:45:00</td>\n",
       "            <td>22336108.21</td>\n",
       "        </tr>\n",
       "        <tr>\n",
       "            <td>2015 YC1</td>\n",
       "            <td>55.02</td>\n",
       "            <td>123.03</td>\n",
       "            <td>0</td>\n",
       "            <td>2026-06-29 07:01:00</td>\n",
       "            <td>24001070.1</td>\n",
       "        </tr>\n",
       "    </tbody>\n",
       "</table>"
      ],
      "text/plain": [
       "[('2012 KC45', 11.5, 25.71, 0, '2026-06-23 00:08:00', 33337322.98),\n",
       " ('2017 BB7', 20.92, 46.78, 0, '2026-06-23 08:13:00', 25015554.46),\n",
       " ('2012 GV11', 330.02, 737.95, 0, '2026-06-23 11:52:00', 34505562.84),\n",
       " ('2016 VX1', 87.2, 195.0, 0, '2026-06-23 12:41:00', 38561291.87),\n",
       " ('2020 AT', 79.53, 177.84, 0, '2026-06-23 13:11:00', 14573155.26),\n",
       " ('2014 DH', 41.74, 93.33, 0, '2026-06-23 16:38:00', 15493768.58),\n",
       " ('2015 NG13', 91.31, 204.19, 0, '2026-06-24 13:04:00', 39609650.0),\n",
       " ('2018 GE2', 34.08, 76.21, 0, '2026-06-25 00:47:00', 27473864.42),\n",
       " ('2013 KF6', 479.23, 1071.58, 0, '2026-06-25 02:48:00', 40281743.57),\n",
       " ('2018 CP2', 120.38, 269.17, 0, '2026-06-25 02:54:00', 13389838.84),\n",
       " ('2016 VK', 275.77, 616.63, 0, '2026-06-25 03:15:00', 14083028.83),\n",
       " ('2010 WU8', 126.05, 281.85, 0, '2026-06-25 13:26:00', 20110859.55),\n",
       " ('2018 MJ7', 203.49, 455.01, 0, '2026-06-25 15:59:00', 12812740.67),\n",
       " ('2022 CL12', 216.04, 483.09, 0, '2026-06-25 16:10:00', 45106588.55),\n",
       " ('2016 LS68', 316.62, 707.99, 0, '2026-06-25 21:47:00', 45927243.22),\n",
       " ('2014 MR67', 240.18, 537.06, 0, '2026-06-26 01:18:00', 22939121.0),\n",
       " ('2016 TA57', 606.09, 1355.27, 1, '2026-06-26 03:08:00', 43460124.48),\n",
       " ('2014 NV63', 197.03, 440.58, 0, '2026-06-26 05:35:00', 5200490.76),\n",
       " ('2018 LW5', 643.49, 1438.88, 0, '2026-06-26 09:24:00', 21613297.25),\n",
       " ('2016 JH17', 752.56, 1682.77, 0, '2026-06-26 11:43:00', 43036902.66),\n",
       " ('2018 NV', 237.98, 532.14, 0, '2026-06-26 13:43:00', 9381718.6),\n",
       " ('2002 EM7', 114.96, 257.05, 0, '2026-06-26 15:53:00', 10514902.62),\n",
       " ('2011 PT', 137.58, 307.63, 0, '2026-06-26 18:02:00', 31743511.13),\n",
       " ('2019 NG', 120.38, 269.17, 0, '2026-06-27 07:43:00', 8477543.54),\n",
       " ('1997 NC1', 2325.63, 5200.26, 1, '2026-06-27 11:16:00', 1594339.75),\n",
       " ('2004 RH340', 1082.78, 2421.17, 0, '2026-06-27 14:37:00', 41759864.9),\n",
       " ('2005 TE49', 45.98, 102.81, 0, '2026-06-27 22:21:00', 39632372.36),\n",
       " ('2018 VP5', 75.95, 169.83, 0, '2026-06-27 22:59:00', 45633839.87),\n",
       " ('2016 XR23', 72.53, 162.19, 0, '2026-06-27 23:07:00', 8603920.33),\n",
       " ('2015 VH66', 860.08, 1923.2, 0, '2026-06-28 09:52:00', 14579822.64),\n",
       " ('2015 MO66', 832.8, 1862.19, 0, '2026-06-28 22:37:00', 22417503.03),\n",
       " ('2019 YO4', 365.21, 816.63, 0, '2026-06-29 03:45:00', 22336108.21),\n",
       " ('2015 YC1', 55.02, 123.03, 0, '2026-06-29 07:01:00', 24001070.1)]"
      ]
     },
     "execution_count": 228,
     "metadata": {},
     "output_type": "execute_result"
    }
   ],
   "source": [
    "%sql select * from ASTEROID_IMPACT_DATA order by \"Close Approach Date\" asc;"
   ]
  },
  {
   "cell_type": "code",
   "execution_count": 29,
   "id": "71ba5baa-637e-483c-a4d5-40e2c021f5db",
   "metadata": {
    "scrolled": true
   },
   "outputs": [
    {
     "name": "stdout",
     "output_type": "stream",
     "text": [
      " * sqlite:///AsteroidDB.db\n",
      "Done.\n"
     ]
    },
    {
     "data": {
      "text/html": [
       "<table>\n",
       "    <thead>\n",
       "        <tr>\n",
       "            <th>Name</th>\n",
       "            <th>Min Diameter (feet)</th>\n",
       "            <th>Max Diameter (feet)</th>\n",
       "            <th>Hazardous</th>\n",
       "            <th>Close Approach Date</th>\n",
       "            <th>Miss Distance (miles)</th>\n",
       "            <th>hazardous</th>\n",
       "        </tr>\n",
       "    </thead>\n",
       "    <tbody>\n",
       "        <tr>\n",
       "            <td>2010 WU8</td>\n",
       "            <td>126.05</td>\n",
       "            <td>281.85</td>\n",
       "            <td>0</td>\n",
       "            <td>2026-06-25 13:26:00</td>\n",
       "            <td>20110859.55</td>\n",
       "            <td>false</td>\n",
       "        </tr>\n",
       "        <tr>\n",
       "            <td>2013 KF6</td>\n",
       "            <td>479.23</td>\n",
       "            <td>1071.58</td>\n",
       "            <td>0</td>\n",
       "            <td>2026-06-25 02:48:00</td>\n",
       "            <td>40281743.57</td>\n",
       "            <td>false</td>\n",
       "        </tr>\n",
       "        <tr>\n",
       "            <td>2016 LS68</td>\n",
       "            <td>316.62</td>\n",
       "            <td>707.99</td>\n",
       "            <td>0</td>\n",
       "            <td>2026-06-25 21:47:00</td>\n",
       "            <td>45927243.22</td>\n",
       "            <td>false</td>\n",
       "        </tr>\n",
       "        <tr>\n",
       "            <td>2016 VK</td>\n",
       "            <td>275.77</td>\n",
       "            <td>616.63</td>\n",
       "            <td>0</td>\n",
       "            <td>2026-06-25 03:15:00</td>\n",
       "            <td>14083028.83</td>\n",
       "            <td>false</td>\n",
       "        </tr>\n",
       "        <tr>\n",
       "            <td>2018 CP2</td>\n",
       "            <td>120.38</td>\n",
       "            <td>269.17</td>\n",
       "            <td>0</td>\n",
       "            <td>2026-06-25 02:54:00</td>\n",
       "            <td>13389838.84</td>\n",
       "            <td>false</td>\n",
       "        </tr>\n",
       "        <tr>\n",
       "            <td>2018 GE2</td>\n",
       "            <td>34.08</td>\n",
       "            <td>76.21</td>\n",
       "            <td>0</td>\n",
       "            <td>2026-06-25 00:47:00</td>\n",
       "            <td>27473864.42</td>\n",
       "            <td>false</td>\n",
       "        </tr>\n",
       "        <tr>\n",
       "            <td>2018 MJ7</td>\n",
       "            <td>203.49</td>\n",
       "            <td>455.01</td>\n",
       "            <td>0</td>\n",
       "            <td>2026-06-25 15:59:00</td>\n",
       "            <td>12812740.67</td>\n",
       "            <td>false</td>\n",
       "        </tr>\n",
       "        <tr>\n",
       "            <td>2022 CL12</td>\n",
       "            <td>216.04</td>\n",
       "            <td>483.09</td>\n",
       "            <td>0</td>\n",
       "            <td>2026-06-25 16:10:00</td>\n",
       "            <td>45106588.55</td>\n",
       "            <td>false</td>\n",
       "        </tr>\n",
       "        <tr>\n",
       "            <td>2015 NG13</td>\n",
       "            <td>91.31</td>\n",
       "            <td>204.19</td>\n",
       "            <td>0</td>\n",
       "            <td>2026-06-24 13:04:00</td>\n",
       "            <td>39609650.0</td>\n",
       "            <td>false</td>\n",
       "        </tr>\n",
       "        <tr>\n",
       "            <td>2012 GV11</td>\n",
       "            <td>330.02</td>\n",
       "            <td>737.95</td>\n",
       "            <td>0</td>\n",
       "            <td>2026-06-23 11:52:00</td>\n",
       "            <td>34505562.84</td>\n",
       "            <td>false</td>\n",
       "        </tr>\n",
       "        <tr>\n",
       "            <td>2012 KC45</td>\n",
       "            <td>11.5</td>\n",
       "            <td>25.71</td>\n",
       "            <td>0</td>\n",
       "            <td>2026-06-23 00:08:00</td>\n",
       "            <td>33337322.98</td>\n",
       "            <td>false</td>\n",
       "        </tr>\n",
       "        <tr>\n",
       "            <td>2014 DH</td>\n",
       "            <td>41.74</td>\n",
       "            <td>93.33</td>\n",
       "            <td>0</td>\n",
       "            <td>2026-06-23 16:38:00</td>\n",
       "            <td>15493768.58</td>\n",
       "            <td>false</td>\n",
       "        </tr>\n",
       "        <tr>\n",
       "            <td>2016 VX1</td>\n",
       "            <td>87.2</td>\n",
       "            <td>195.0</td>\n",
       "            <td>0</td>\n",
       "            <td>2026-06-23 12:41:00</td>\n",
       "            <td>38561291.87</td>\n",
       "            <td>false</td>\n",
       "        </tr>\n",
       "        <tr>\n",
       "            <td>2017 BB7</td>\n",
       "            <td>20.92</td>\n",
       "            <td>46.78</td>\n",
       "            <td>0</td>\n",
       "            <td>2026-06-23 08:13:00</td>\n",
       "            <td>25015554.46</td>\n",
       "            <td>false</td>\n",
       "        </tr>\n",
       "        <tr>\n",
       "            <td>2020 AT</td>\n",
       "            <td>79.53</td>\n",
       "            <td>177.84</td>\n",
       "            <td>0</td>\n",
       "            <td>2026-06-23 13:11:00</td>\n",
       "            <td>14573155.26</td>\n",
       "            <td>false</td>\n",
       "        </tr>\n",
       "        <tr>\n",
       "            <td>2015 YC1</td>\n",
       "            <td>55.02</td>\n",
       "            <td>123.03</td>\n",
       "            <td>0</td>\n",
       "            <td>2026-06-29 07:01:00</td>\n",
       "            <td>24001070.1</td>\n",
       "            <td>false</td>\n",
       "        </tr>\n",
       "        <tr>\n",
       "            <td>2019 YO4</td>\n",
       "            <td>365.21</td>\n",
       "            <td>816.63</td>\n",
       "            <td>0</td>\n",
       "            <td>2026-06-29 03:45:00</td>\n",
       "            <td>22336108.21</td>\n",
       "            <td>false</td>\n",
       "        </tr>\n",
       "        <tr>\n",
       "            <td>2015 MO66</td>\n",
       "            <td>832.8</td>\n",
       "            <td>1862.19</td>\n",
       "            <td>0</td>\n",
       "            <td>2026-06-28 22:37:00</td>\n",
       "            <td>22417503.03</td>\n",
       "            <td>false</td>\n",
       "        </tr>\n",
       "        <tr>\n",
       "            <td>2015 VH66</td>\n",
       "            <td>860.08</td>\n",
       "            <td>1923.2</td>\n",
       "            <td>0</td>\n",
       "            <td>2026-06-28 09:52:00</td>\n",
       "            <td>14579822.64</td>\n",
       "            <td>false</td>\n",
       "        </tr>\n",
       "        <tr>\n",
       "            <td>1997 NC1</td>\n",
       "            <td>2325.63</td>\n",
       "            <td>5200.26</td>\n",
       "            <td>1</td>\n",
       "            <td>2026-06-27 11:16:00</td>\n",
       "            <td>1594339.75</td>\n",
       "            <td>True</td>\n",
       "        </tr>\n",
       "        <tr>\n",
       "            <td>2004 RH340</td>\n",
       "            <td>1082.78</td>\n",
       "            <td>2421.17</td>\n",
       "            <td>0</td>\n",
       "            <td>2026-06-27 14:37:00</td>\n",
       "            <td>41759864.9</td>\n",
       "            <td>false</td>\n",
       "        </tr>\n",
       "        <tr>\n",
       "            <td>2005 TE49</td>\n",
       "            <td>45.98</td>\n",
       "            <td>102.81</td>\n",
       "            <td>0</td>\n",
       "            <td>2026-06-27 22:21:00</td>\n",
       "            <td>39632372.36</td>\n",
       "            <td>false</td>\n",
       "        </tr>\n",
       "        <tr>\n",
       "            <td>2016 XR23</td>\n",
       "            <td>72.53</td>\n",
       "            <td>162.19</td>\n",
       "            <td>0</td>\n",
       "            <td>2026-06-27 23:07:00</td>\n",
       "            <td>8603920.33</td>\n",
       "            <td>false</td>\n",
       "        </tr>\n",
       "        <tr>\n",
       "            <td>2018 VP5</td>\n",
       "            <td>75.95</td>\n",
       "            <td>169.83</td>\n",
       "            <td>0</td>\n",
       "            <td>2026-06-27 22:59:00</td>\n",
       "            <td>45633839.87</td>\n",
       "            <td>false</td>\n",
       "        </tr>\n",
       "        <tr>\n",
       "            <td>2019 NG</td>\n",
       "            <td>120.38</td>\n",
       "            <td>269.17</td>\n",
       "            <td>0</td>\n",
       "            <td>2026-06-27 07:43:00</td>\n",
       "            <td>8477543.54</td>\n",
       "            <td>false</td>\n",
       "        </tr>\n",
       "        <tr>\n",
       "            <td>2011 PT</td>\n",
       "            <td>137.58</td>\n",
       "            <td>307.63</td>\n",
       "            <td>0</td>\n",
       "            <td>2026-06-26 18:02:00</td>\n",
       "            <td>31743511.13</td>\n",
       "            <td>false</td>\n",
       "        </tr>\n",
       "        <tr>\n",
       "            <td>2002 EM7</td>\n",
       "            <td>114.96</td>\n",
       "            <td>257.05</td>\n",
       "            <td>0</td>\n",
       "            <td>2026-06-26 15:53:00</td>\n",
       "            <td>10514902.62</td>\n",
       "            <td>false</td>\n",
       "        </tr>\n",
       "        <tr>\n",
       "            <td>2014 MR67</td>\n",
       "            <td>240.18</td>\n",
       "            <td>537.06</td>\n",
       "            <td>0</td>\n",
       "            <td>2026-06-26 01:18:00</td>\n",
       "            <td>22939121.0</td>\n",
       "            <td>false</td>\n",
       "        </tr>\n",
       "        <tr>\n",
       "            <td>2014 NV63</td>\n",
       "            <td>197.03</td>\n",
       "            <td>440.58</td>\n",
       "            <td>0</td>\n",
       "            <td>2026-06-26 05:35:00</td>\n",
       "            <td>5200490.76</td>\n",
       "            <td>false</td>\n",
       "        </tr>\n",
       "        <tr>\n",
       "            <td>2016 JH17</td>\n",
       "            <td>752.56</td>\n",
       "            <td>1682.77</td>\n",
       "            <td>0</td>\n",
       "            <td>2026-06-26 11:43:00</td>\n",
       "            <td>43036902.66</td>\n",
       "            <td>false</td>\n",
       "        </tr>\n",
       "        <tr>\n",
       "            <td>2016 TA57</td>\n",
       "            <td>606.09</td>\n",
       "            <td>1355.27</td>\n",
       "            <td>1</td>\n",
       "            <td>2026-06-26 03:08:00</td>\n",
       "            <td>43460124.48</td>\n",
       "            <td>True</td>\n",
       "        </tr>\n",
       "        <tr>\n",
       "            <td>2018 LW5</td>\n",
       "            <td>643.49</td>\n",
       "            <td>1438.88</td>\n",
       "            <td>0</td>\n",
       "            <td>2026-06-26 09:24:00</td>\n",
       "            <td>21613297.25</td>\n",
       "            <td>false</td>\n",
       "        </tr>\n",
       "        <tr>\n",
       "            <td>2018 NV</td>\n",
       "            <td>237.98</td>\n",
       "            <td>532.14</td>\n",
       "            <td>0</td>\n",
       "            <td>2026-06-26 13:43:00</td>\n",
       "            <td>9381718.6</td>\n",
       "            <td>false</td>\n",
       "        </tr>\n",
       "    </tbody>\n",
       "</table>"
      ],
      "text/plain": [
       "[('2010 WU8', 126.05, 281.85, 0, '2026-06-25 13:26:00', 20110859.55, 'false'),\n",
       " ('2013 KF6', 479.23, 1071.58, 0, '2026-06-25 02:48:00', 40281743.57, 'false'),\n",
       " ('2016 LS68', 316.62, 707.99, 0, '2026-06-25 21:47:00', 45927243.22, 'false'),\n",
       " ('2016 VK', 275.77, 616.63, 0, '2026-06-25 03:15:00', 14083028.83, 'false'),\n",
       " ('2018 CP2', 120.38, 269.17, 0, '2026-06-25 02:54:00', 13389838.84, 'false'),\n",
       " ('2018 GE2', 34.08, 76.21, 0, '2026-06-25 00:47:00', 27473864.42, 'false'),\n",
       " ('2018 MJ7', 203.49, 455.01, 0, '2026-06-25 15:59:00', 12812740.67, 'false'),\n",
       " ('2022 CL12', 216.04, 483.09, 0, '2026-06-25 16:10:00', 45106588.55, 'false'),\n",
       " ('2015 NG13', 91.31, 204.19, 0, '2026-06-24 13:04:00', 39609650.0, 'false'),\n",
       " ('2012 GV11', 330.02, 737.95, 0, '2026-06-23 11:52:00', 34505562.84, 'false'),\n",
       " ('2012 KC45', 11.5, 25.71, 0, '2026-06-23 00:08:00', 33337322.98, 'false'),\n",
       " ('2014 DH', 41.74, 93.33, 0, '2026-06-23 16:38:00', 15493768.58, 'false'),\n",
       " ('2016 VX1', 87.2, 195.0, 0, '2026-06-23 12:41:00', 38561291.87, 'false'),\n",
       " ('2017 BB7', 20.92, 46.78, 0, '2026-06-23 08:13:00', 25015554.46, 'false'),\n",
       " ('2020 AT', 79.53, 177.84, 0, '2026-06-23 13:11:00', 14573155.26, 'false'),\n",
       " ('2015 YC1', 55.02, 123.03, 0, '2026-06-29 07:01:00', 24001070.1, 'false'),\n",
       " ('2019 YO4', 365.21, 816.63, 0, '2026-06-29 03:45:00', 22336108.21, 'false'),\n",
       " ('2015 MO66', 832.8, 1862.19, 0, '2026-06-28 22:37:00', 22417503.03, 'false'),\n",
       " ('2015 VH66', 860.08, 1923.2, 0, '2026-06-28 09:52:00', 14579822.64, 'false'),\n",
       " ('1997 NC1', 2325.63, 5200.26, 1, '2026-06-27 11:16:00', 1594339.75, 'True'),\n",
       " ('2004 RH340', 1082.78, 2421.17, 0, '2026-06-27 14:37:00', 41759864.9, 'false'),\n",
       " ('2005 TE49', 45.98, 102.81, 0, '2026-06-27 22:21:00', 39632372.36, 'false'),\n",
       " ('2016 XR23', 72.53, 162.19, 0, '2026-06-27 23:07:00', 8603920.33, 'false'),\n",
       " ('2018 VP5', 75.95, 169.83, 0, '2026-06-27 22:59:00', 45633839.87, 'false'),\n",
       " ('2019 NG', 120.38, 269.17, 0, '2026-06-27 07:43:00', 8477543.54, 'false'),\n",
       " ('2011 PT', 137.58, 307.63, 0, '2026-06-26 18:02:00', 31743511.13, 'false'),\n",
       " ('2002 EM7', 114.96, 257.05, 0, '2026-06-26 15:53:00', 10514902.62, 'false'),\n",
       " ('2014 MR67', 240.18, 537.06, 0, '2026-06-26 01:18:00', 22939121.0, 'false'),\n",
       " ('2014 NV63', 197.03, 440.58, 0, '2026-06-26 05:35:00', 5200490.76, 'false'),\n",
       " ('2016 JH17', 752.56, 1682.77, 0, '2026-06-26 11:43:00', 43036902.66, 'false'),\n",
       " ('2016 TA57', 606.09, 1355.27, 1, '2026-06-26 03:08:00', 43460124.48, 'True'),\n",
       " ('2018 LW5', 643.49, 1438.88, 0, '2026-06-26 09:24:00', 21613297.25, 'false'),\n",
       " ('2018 NV', 237.98, 532.14, 0, '2026-06-26 13:43:00', 9381718.6, 'false')]"
      ]
     },
     "execution_count": 29,
     "metadata": {},
     "output_type": "execute_result"
    }
   ],
   "source": [
    "%sql select *, CASE when hazardous = 1 then 'True' else 'false' end as hazardous from ASTEROID_IMPACT_DATA;"
   ]
  },
  {
   "cell_type": "markdown",
   "id": "f5b1bd61-34cc-4e7a-9aa4-101141cfb720",
   "metadata": {},
   "source": [
    "### Potentially Hazardous Asteroids"
   ]
  },
  {
   "cell_type": "code",
   "execution_count": 223,
   "id": "240b6b36-4824-4ce8-a0cc-f2e982d26804",
   "metadata": {
    "scrolled": true
   },
   "outputs": [
    {
     "name": "stdout",
     "output_type": "stream",
     "text": [
      " * sqlite:///AsteroidDB.db\n",
      "Done.\n"
     ]
    },
    {
     "data": {
      "text/html": [
       "<table>\n",
       "    <thead>\n",
       "        <tr>\n",
       "            <th>Name</th>\n",
       "            <th>Approach Date</th>\n",
       "            <th>Approach Time</th>\n",
       "            <th>Miss Distance (miles)</th>\n",
       "        </tr>\n",
       "    </thead>\n",
       "    <tbody>\n",
       "        <tr>\n",
       "            <td>1997 NC1</td>\n",
       "            <td>2026-06-27</td>\n",
       "            <td>11:16:00</td>\n",
       "            <td>1594339.75</td>\n",
       "        </tr>\n",
       "        <tr>\n",
       "            <td>2016 TA57</td>\n",
       "            <td>2026-06-26</td>\n",
       "            <td>03:08:00</td>\n",
       "            <td>43460124.48</td>\n",
       "        </tr>\n",
       "    </tbody>\n",
       "</table>"
      ],
      "text/plain": [
       "[('1997 NC1', '2026-06-27', '11:16:00', 1594339.75),\n",
       " ('2016 TA57', '2026-06-26', '03:08:00', 43460124.48)]"
      ]
     },
     "execution_count": 223,
     "metadata": {},
     "output_type": "execute_result"
    }
   ],
   "source": [
    "%sql select name, date([Close Approach Date]) as \"Approach Date\", time([Close Approach Date]) \\\n",
    "as \"Approach Time\", \"miss distance (miles)\" from ASTEROID_IMPACT_DATA where hazardous = true group by name;"
   ]
  },
  {
   "cell_type": "markdown",
   "id": "20c23e41-a66d-4fe3-89be-1694dd29328b",
   "metadata": {},
   "source": [
    "### Top 10 Closest Asteroid Approaches"
   ]
  },
  {
   "cell_type": "code",
   "execution_count": 232,
   "id": "f4f119ac-29b2-4b39-966c-3f880c55cc92",
   "metadata": {},
   "outputs": [
    {
     "name": "stdout",
     "output_type": "stream",
     "text": [
      " * sqlite:///AsteroidDB.db\n",
      "Done.\n"
     ]
    },
    {
     "data": {
      "text/html": [
       "<table>\n",
       "    <thead>\n",
       "        <tr>\n",
       "            <th>Name</th>\n",
       "            <th>Miss Distance</th>\n",
       "            <th>Approach Date</th>\n",
       "            <th>Approach Time</th>\n",
       "            <th>hazardous</th>\n",
       "        </tr>\n",
       "    </thead>\n",
       "    <tbody>\n",
       "        <tr>\n",
       "            <td>1997 NC1</td>\n",
       "            <td>1594339.75</td>\n",
       "            <td>2026-06-27</td>\n",
       "            <td>11:16:00</td>\n",
       "            <td>true</td>\n",
       "        </tr>\n",
       "        <tr>\n",
       "            <td>2014 NV63</td>\n",
       "            <td>5200490.76</td>\n",
       "            <td>2026-06-26</td>\n",
       "            <td>05:35:00</td>\n",
       "            <td>false</td>\n",
       "        </tr>\n",
       "        <tr>\n",
       "            <td>2019 NG</td>\n",
       "            <td>8477543.54</td>\n",
       "            <td>2026-06-27</td>\n",
       "            <td>07:43:00</td>\n",
       "            <td>false</td>\n",
       "        </tr>\n",
       "        <tr>\n",
       "            <td>2016 XR23</td>\n",
       "            <td>8603920.33</td>\n",
       "            <td>2026-06-27</td>\n",
       "            <td>23:07:00</td>\n",
       "            <td>false</td>\n",
       "        </tr>\n",
       "        <tr>\n",
       "            <td>2018 NV</td>\n",
       "            <td>9381718.60</td>\n",
